bidopen,bidclose,bidhigh,bidlow,askopen,askclose,askhigh,asklow,tickqty
12005.7,11992.8,12009.2,11991.8,12007.9,11994.5,12010.6,11993.9,815
11992.8,11979.3,11993.3,11958.9,11994.6,11980.1,11995.6,11963.6,14002
11979.2,12041.3,12051.8,11945.3,11980.0,12042.4,12056.7,11949.1,50123
12041.4,12000.1,12050.0,11991.6,12042.4,12000.9,12052.1,11993.6,39462
12000.1,12028.6,12040.3,11988.9,12000.8,12029.7,12042.2,11989.8,32236
12028.6,12038.0,12054.3,12012.6,12029.8,12038.8,12057.3,12014.3,33963
12037.9,12021.3,12041.6,12002.6,12038.7,12022.1,12042.4,12005.3,26941
12021.4,11966.2,12029.3,11949.8,12022.2,11966.9,12030.3,11954.1,40934
11966.2,11962.9,11992.5,11937.7,11966.9,11964.4,11993.6,11938.7,55038
11962.8,11954.8,11978.3,11928.0,11964.3,11955.3,11980.3,11928.9,79280
11954.8,11981.3,11991.3,11949.1,11955.4,11982.3,11992.6,11949.9,52467
11981.3,11979.7,11986.7,11967.9,11982.3,11980.7,11987.7,11968.7,27171
11979.7,11988.3,11992.1,11979.2,11980.7,11989.2,11993.3,11980.2,15084
11988.4,11980.0,11996.9,11977.2,11989.3,11980.9,11998.0,11978.2,12916
11979.9,11988.7,11994.0,11961.1,11980.8,11990.4,11995.5,11962.0,17134
